data_SCF = [...
0	-0.030831745	0.000509408
0	-0.03391492     0.00051146
0	-0.030831745	0.000512827
0	-0.030831745	0.000514195
0	-0.030831745	0.000515562
0	0.05549714      0.000543369
0	0.05549714      0.000552258
0	0.05549714      0.000552942
0	0.05549714      0.000556133
0	0.05549714      0.000560919
0	-0.228154913	0.000658926
0	-0.382313639	0.00065961
0	-0.228154913	0.000662345
0	-0.351481885	0.000663713
0	-0.351481885	0.000671006
0	0.064746663	0.000695394
0	0.06166349	0.000703599
0	0.06166349	0.000704055
0	0.064746663	0.000704055
0	0.06166349	0.000704283
0	0.542638719	0.001261555
0	0.547263443	0.001274319
0	0.517973304	0.001276142
0	0.548805058	0.001282068
0	0.508723795	0.00128959
0	0.151075557	0.001329932
0	0.447676927	0.001336542
0	0.154158726	0.001346115
0	0.133854896	0.001347482
0	0.447676927	0.001351813
0	0.481591851	0.001355915
0	0.151075557	0.001357055
0	0.03985567	0.001358195
0	0.002255981	0.001359106
0	-0.078620955	0.001360018
0	0.481591851	0.001360246
0	0.154158726	0.001360702
0	0.481591851	0.001362753
0	0.151075557	0.001362981
0	0.002255981	0.001363893
0	0.040043667	0.0013664
0	-0.078620955	0.001370502
0	-0.044706028	0.001371642
0	-0.02312381	0.001376428
0	-0.109452695	0.001378936
0	0.065799452	0.001416999
0	0.048879597	0.001427939
0	0.06391947	0.001429079
0	-0.403895885	0.001433409
0	0.088359267	0.001434321
0	0.041359659	0.001436828
0	-0.434727609	0.001444577
0	-0.403895885	0.001445489
0	-0.373064131	0.001450731
0	-0.403895885	0.001453466
0	0.100203171	0.001457569
0	0.181907296	0.001462128
0	0.29752636	0.001468965
0	0.103286341	0.001469877
0	0.047398053	0.00147284
0	0.100203171	0.001475347
0	0.178824112	0.001476943
0	0.103286341	0.001477854
0	0.181907296	0.001479222
0	0.001879985	0.001479678
0	0.178824112	0.001485832
0	0.044176828	0.001487655
0	0.044176828	0.001489934
0	0.001879985	0.001491302
0	0.001879985	0.001492213
0	0.181907296	0.001494493
0	0.042106036	0.001496544
0	0.001879985	0.001497684
0	0.001879985	0.001500419
0	0.045097176	0.001505433
0	0.063235909	0.001508168
0	0.066319086	0.001522071
0	0.063235909	0.001524806
0	0.184990481	0.001528225
0	0.06237499	0.001532328
0	0.063235909	0.001532328
0	0.184990481	0.001534607
0	0.063235909	0.001538482
0	0.184990481	0.001538482
0	0.184990481	0.001542812
0	0.064746663	0.001546915
0	0.184990481	0.001546915
0	0.064746663	0.001547143
0	0.064746663	0.001547371
0	0.064746663	0.001547827
0	0.6998806	0.00160891
0	0.6998806	0.001625093
0	0.6998806	0.0016276
0	0.13195987	0.00162874
0	0.6998806	0.001634893
0	0.6998806	0.001644694
0	0.144909203	0.00164515
0	0.162483305	0.001647657
0	0.137509584	0.001655179
0	0.755377769	0.001657914
0	0.13226819	0.001664751
0	0.642954648	0.001671361
0	0.211505771	0.00167478
0	0.552715421	0.001675236
0	0.462476194	0.001677287
0	0.272860944	0.001684809
0	0.513235748	0.001687316
0	0.10791111	0.001694609
0	0.95315212	0.001694609
0	0.605354965	0.001696205
0	-0.096527085	0.001740878
0	0.533389211	0.001758656
0	-0.096527085	0.001775066
0	-0.094155408	0.001780308
0	-0.096527085	0.001782588
0	-0.200176254	0.001790565
0	0.533389211	0.00179444
0	0.533389211	0.001798998
0	0.533389211	0.001800138
0	0.533389211	0.001802645
6.391947269	-5.107917786	0.00180652
0	-0.200176254	0.001808571
0	-0.177167475	0.001811534
0	-0.154158726	0.001819511
0	-0.096527085	0.001819739
0	-0.200176254	0.001830224
6.391947269	-5.106037617	0.001846406
6.391947269	-5.089118004	0.001867147
0	0	0.001871022
0	0.169574603	0.001888344
0	0	0.0018888
0	0	0.001890395
0	0	0.001890623
0	0	0.001890851
0	0.166491419	0.001907262
0	0.166491419	0.001910225
3.699809551	-3.98284483	0.001915467
0	0.530305982	0.001916379
0	0.166491419	0.001918886
3.699809551	-4.016759396	0.001923216
6.391947269	-5.089118004	0.001927319
0	0.169574603	0.001930054
0	0.499474257	0.001935524
0	0.499474257	0.001938715
3.699809551	-4.016759396	0.001941222
0	0.499474257	0.001954442
0	-0.136265308	0.001965154
3.699809551	-4.016759396	0.001966522
3.699809551	-4.016759396	0.001968573
0	0.499474257	0.00197222
0	-0.163793653	0.001984983
0	-0.163793653	0.001987946
0	-0.163793653	0.001996835
0	-0.15002948	0.002008687
0	-0.234321252	0.002063161
1.398553371	-1.105333924	0.002068403
6.391947269	-5.072197914	0.002071366
0	-0.265152991	0.002086865
1.414445996	-1.084673405	0.002088005
0	-0.234321252	0.002093019
0	-0.265152991	0.002099857
0	-0.234321252	0.002103504
1.414445996	-1.087852001	0.002105099
1.382660627	-1.086262703	0.002106922
0	2.683903456	0.002114216
1.430338621	-1.084673405	0.002116039
0	2.600657701	0.002128575
0	2.847311735	0.002129259
0	2.653071642	0.002140883
0	2.686986446	0.002146581
1.794683695	-1.997620821	0.002168462
0	0	0.002180314
0	0	0.002206069
0	0	0.002208348
0	0	0.002208576
0	0	0.002208576
3.289972782	-2.444167852	0.002233192
3.289972782	-2.481955528	0.002242309
3.289972782	-2.449807644	0.002263278
3.289972782	-2.481955528	0.002292908
3.289972782	-2.476127625	0.002295187
0	1.649498463	0.000441943
0	1.680330157	0.000446502
0	1.649498463	0.000447185
0	1.649498463	0.000449009
0	1.680330157	0.000451744
0	0.117160626	0.001207081
0	0.120243803	0.001221669
0	0.12332698	0.001231697
0	0.120243803	0.001235116
0	0.12332698	0.001237167
0	0.434727609	0.001256997
0	0.058580313	0.001260871
0	-0.16340825	0.001270216
0	0.434727609	0.001272268
0	0.058580313	0.001276142
0	0.416228563	0.001279789
0	0.437810779	0.001282752
0	-0.320650131	0.00128298
0	-0.3237333	0.001285031
0	0.434727609	0.001286171
0	0.058580313	0.001286627
0	0.440893948	0.001288222
0	0.490224749	0.001289818
0	0.058580313	0.001290046
0	-0.360731423	0.001290729
0	0.530305982	0.001290729
0	0.058580313	0.001292325
0	0.53647238	0.001295288
0	0.339149207	0.001296883
0	0.490224749	0.001297795
0	-0.255903482	0.001298251
0	-0.005549714	0.001307596
0	0.339149207	0.001312838
0	0	0.001321499
0	-0.057770982	0.001323322
0	0.598135829	0.00132355
0	-0.00959638	0.001324006
0	0.340690762	0.001326969
0	0.339149207	0.001329248
0	-0.004008127	0.00133016
0	16.39015579	0.0013313
0	-0.016533524	0.001331528
0	0	0.001332895
0	0	0.001344063
0	16.18050003	0.001344975
0	0	0.001346115
0	0	0.00135546
0	16.02942276	0.001361841
0	1.396631956	0.001377568
0	1.373623252	0.001380759
0	1.373623252	0.001390788
0	1.371322393	0.001396714
0	1.371322393	0.001398081
0	17.00679016	0.00140811
0	0.402693421	0.001409249
0	0.402693421	0.00141244
0	0.402693421	0.001422697
0	0.402693421	0.001428851
0	0.402693421	0.001430218
0	-0.220907852	0.001464635
0	-0.198658139	0.001476031
0	-0.220907852	0.001477171
0	-0.201836675	0.001482413
0	-0.200247422	0.001485148
0	0.473756105	0.001508168
2.991139412	-0.409556001	0.001509991
0	16.31924248	0.001512499
0	0.492555916	0.001515234
2.991139412	-0.41185686	0.001522755
0	1.048049212	0.001525262
0	0.475636065	0.001526402
0	1.046898842	0.001528909
0	0.475636065	0.001532556
0	0.496315897	0.001533923
2.991139412	-0.41185686	0.001535291
2.991139412	-0.41185686	0.001536203
0	-0.054880507	0.001537114
0	1.046898842	0.001540077
2.991139412	-0.41185686	0.001543724
0	1.044597983	0.001546459
0	1.044597983	0.001548055
0	-0.054880507	0.001548966
0	-0.054880507	0.001550106
0	-0.054880507	0.001555804
0	-0.05796368	0.001558539
0	-0.433186024	0.001587941
0	-0.321477324	0.001588397
0	-0.500707567	0.001591588
0	1.279517412	0.001592956
0	2.204469681	0.001592956
0	-0.12525396	0.001594551
0	-0.191156819	0.001598426
0	0.345131457	0.001598882
0	0.347432345	0.001602756
0	-0.600602388	0.001603212
0	-0.675831854	0.001609822
0	-0.194239989	0.001610962
0	1.279517412	0.001611189
0	-0.61755985	0.001611417
0	-0.194239989	0.001612101
0	-0.12332698	0.001613925
0	0.347432345	0.001614152
0	0.662882507	0.001615976
0	-0.194239989	0.001618027
0	-0.302677482	0.001619623
0	-0.194239989	0.001620762
0	0.345131457	0.00162099
0	0.345131457	0.001622586
0	-0.321477324	0.001624181
0	1.433676124	0.001624181
0	-0.302677482	0.00162646
0	-0.12332698	0.001627144
0	-0.105984122	0.001631475
0	-0.12525396	0.00163421
0.034366593	0.034562971	0.001646518
0	-0.485484928	0.001656774
0	-0.283877641	0.001660193
0	-0.531502426	0.001669538
0	-0.464777052	0.001670677
