
% initial distribution of the portfolio positions. Survey weight of observation in column 1,
% Durable holdings for 23-25 year-olds in the SCF 2004 in column 2
% Net financial holdings 23-25 year-olds in the SCF 2004 in column 3
% Net worth for 23-25 year-olds in the SCF 2004 in column 4,
% unit of durable holdings, net financial holdings and net worth:
% average labor earnings of full sample at base_age 

tot_h_adj__weight = [0.000509408	0.138595477	-0.170826986	-0.032231506
0.00051146	0.135372311	-0.170826986	-0.035454661
0.000512827	0.138595477	-0.170826986	-0.032231506
0.000514195	0.138595477	-0.170826986	-0.032231506
0.000515562	0.138595477	-0.170826986	-0.032231506
0.000543369	0.05801671	0	0.05801671
0.000552258	0.05801671	0	0.05801671
0.000552942	0.05801671	0	0.05801671
0.000556133	0.05801671	0	0.05801671
0.000560919	0.05801671	0	0.05801671
0.000658926	0.048347261	-0.286860406	-0.238513142
0.00065961	0.048347261	-0.448017925	-0.39967069
0.000662345	0.048347261	-0.286860406	-0.238513142
0.000663713	0.048347261	-0.415786475	-0.367439181
0.000671006	0.048347261	-0.415786475	-0.367439181
0.000695394	0.067686155	0	0.067686155
0.000703599	0.064463012	0	0.064463012
0.000704055	0.064463012	0	0.064463012
0.000704055	0.067686155	0	0.067686155
0.000704283	0.064463012	0	0.064463012
0.001261555	0.451241076	0.11603342	0.56727457
0.001274319	0.451241076	0.120868146	0.572109222
0.001276142	0.419009566	0.122479729	0.541489244
0.001282068	0.451241076	0.122479729	0.573720813
0.00128959	0.419009566	0.112810269	0.53181988
0.001329932	0.077355623	0.080578767	0.157934368
0.001336542	0.419009566	0.048991889	0.468001455
0.001346115	0.077355623	0.08380191	0.161157534
0.001347482	0.373413801	-0.233481899	0.139931902
0.001351813	0.419009566	0.048991889	0.468001455
0.001355915	0.451241076	0.052215043	0.503456175
0.001357055	0.077355623	0.080578767	0.157934368
0.001358195	0.373413801	-0.331748664	0.041665122
0.001359106	0.373413801	-0.371055394	0.002358403
0.001360018	0.773556173	-0.855746508	-0.08219035
0.001360246	0.451241076	0.052215043	0.503456175
0.001360702	0.077355623	0.08380191	0.161157534
0.001362753	0.451241076	0.052215043	0.503456175
0.001362981	0.077355623	0.080578767	0.157934368
0.001363893	0.373413801	-0.371055394	0.002358403
0.0013664	0.373413801	-0.331552148	0.041861653
0.001370502	0.773556173	-0.855746508	-0.08219035
0.001371642	0.773556173	-0.820291877	-0.046735685
0.001376428	0.773556173	-0.79772985	-0.02417363
0.001378936	0.741324663	-0.855746508	-0.114421852
0.001416999	0.235840306	-0.167053536	0.068786755
0.001427939	0.235840306	-0.184741557	0.05109873
0.001429079	0.235840306	-0.16901888	0.066821411
0.001433409	0.651076436	-1.073309183	-0.422232717
0.001434321	0.255493641	-0.163122863	0.092370778
0.001436828	0.235840306	-0.192602918	0.043237392
0.001444577	0.651076436	-1.105540633	-0.454464257
0.001445489	0.651076436	-1.073309183	-0.422232717
0.001450731	0.651076436	-1.041077614	-0.390001237
0.001453466	0.618844986	-1.041077614	-0.422232717
0.001457569	0.087025069	0.01772733	0.104752392
0.001462128	0.209504783	-0.019338906	0.190165892
0.001468965	0.090248212	0.220785812	0.311034054
0.001469877	0.090248212	0.01772733	0.107975543
0.00147284	0.28864035	-0.239090428	0.04954993
0.001475347	0.087025069	0.01772733	0.104752392
0.001476943	0.206281647	-0.019338906	0.186942741
0.001477854	0.090248212	0.01772733	0.107975543
0.001479222	0.209504783	-0.019338906	0.190165892
0.001479678	0.060925409	-0.058960076	0.001965336
0.001485832	0.206281647	-0.019338906	0.186942741
0.001487655	0.28864035	-0.242457896	0.046182457
0.001489934	0.28864035	-0.242457896	0.046182457
0.001491302	0.060925409	-0.058960076	0.001965336
0.001492213	0.060925409	-0.058960076	0.001965336
0.001494493	0.209504783	-0.019338906	0.190165892
0.001496544	0.286235005	-0.242217362	0.044017654
0.001497684	0.060925409	-0.058960076	0.001965336
0.001500419	0.060925409	-0.058960076	0.001965336
0.001505433	0.286235005	-0.239090428	0.047144592
0.001508168	0.048347261	0.01775956	0.066106826
0.001522071	0.051570412	0.01775956	0.06932997
0.001524806	0.048347261	0.01775956	0.066106826
0.001528225	0.096694522	0.096694522	0.193389043
0.001532328	0.048347261	0.01775956	0.066106826
0.001532328	0.052066281	0.013140538	0.065206826
0.001534607	0.096694522	0.096694522	0.193389043
0.001538482	0.048347261	0.01775956	0.066106826
0.001538482	0.096694522	0.096694522	0.193389043
0.001542812	0.096694522	0.096694522	0.193389043
0.001546915	0.05454563	0.013140538	0.067686163
0.001546915	0.096694522	0.096694522	0.193389043
0.001547143	0.05454563	0.013140538	0.067686163
0.001547371	0.05454563	0.013140538	0.067686163
0.001547827	0.05454563	0.013140538	0.067686163
0.00160891	0.080578767	0.651076436	0.73165518
0.001625093	0.080578767	0.651076436	0.73165518
0.0016276	0.080578767	0.651076436	0.73165518
0.00162874	0.354546577	-0.216595724	0.137950838
0.001634893	0.080578767	0.651076436	0.73165518
0.001644694	0.080578767	0.651076436	0.73165518
0.00164515	0.354546577	-0.203058481	0.151488081
0.001647657	0.386778086	-0.216918051	0.16986005
0.001655179	0.354546577	-0.210794047	0.14375253
0.001657914	0	0.789671898	0.789671898
0.001664751	0.354546577	-0.216273412	0.138273165
0.001671361	0.73110491	-0.058960076	0.67214483
0.00167478	0	0.221108124	0.221108124
0.001675236	0.73110491	-0.153296173	0.577808738
0.001677287	0	0.483472586	0.483472586
0.001684809	0	0.285248846	0.285248846
0.001687316	0.729139566	-0.192602918	0.536536694
0.001694609	0	0.112810269	0.112810269
0.001694609	0.73110491	0.265320301	0.996425211
0.001696205	0.729139566	-0.096301459	0.63283813
0.001740878	0.12148799	-0.222397417	-0.100909412
0.001758656	0	0.557605088	0.557605088
0.001775066	0.12148799	-0.222397417	-0.100909412
0.001780308	0.12148799	-0.219918072	-0.098430067
0.001782588	0.12148799	-0.222397417	-0.100909412
0.001790565	0.360800445	-0.570064723	-0.209264249
0.00179444	0	0.557605088	0.557605088
0.001798998	0	0.557605088	0.557605088
0.001800138	0	0.557605088	0.557605088
0.001802645	0	0.557605088	0.557605088
0.00180652	7.409316063	-6.066991806	1.342324376
0.001808571	0.360800445	-0.570064723	-0.209264249
0.001811534	0.360800445	-0.546011269	-0.185210899
0.001819511	0.38485381	-0.546011269	-0.161157534
0.001819739	0.119008645	-0.219918072	-0.100909412
0.001830224	0.360800445	-0.570064723	-0.209264249
0.001846406	7.411281109	-6.066991806	1.34428966
0.001867147	7.428968906	-6.066991806	1.361977816
0.001871022	0	0	0
0.001888344	0.145041764	0.032231506	0.177273288
0.0018888	0	0	0
0.001890395	0	0	0
0.001890623	0	0	0
0.001890851	0	0	0
0.001907262	0.141818643	0.032231506	0.174050137
0.001910225	0.141818643	0.032231506	0.174050137
0.001915467	3.867780685	-4.163666248	-0.295885205
0.001916379	6.252912521	-5.698530674	0.554381907
0.001918886	0.141818643	0.032231506	0.174050137
0.001923216	3.867780685	-4.199120522	-0.331339896
0.001927319	7.428968906	-6.066991806	1.361977816
0.001930054	0.145041764	0.032231506	0.177273288
0.001935524	6.220680714	-5.698530674	0.522150397
0.001938715	6.220680714	-5.698530674	0.522150397
0.001941222	3.867780685	-4.199120522	-0.331339896
0.001954442	6.220680714	-5.698530674	0.522150397
0.001965154	0.244614109	-0.387065858	-0.142451763
0.001966522	3.867780685	-4.199120522	-0.331339896
0.001968573	3.867780685	-4.199120522	-0.331339896
0.00197222	6.220680714	-5.698530674	0.522150397
0.001984983	0.230225056	-0.401454926	-0.171229884
0.001987946	0.230225056	-0.401454926	-0.171229884
0.001996835	0.230225056	-0.401454926	-0.171229884
0.002008687	0.244614109	-0.401454926	-0.156840831
0.002063161	0.709093153	-0.954052567	-0.244959459
0.002068403	1.646465063	-1.339933515	0.306531578
0.002071366	7.42700386	-6.047338009	1.379665732
0.002086865	0.709093153	-0.986284077	-0.277190953
0.002088005	1.666402102	-1.321657896	0.344744205
0.002093019	0.709093153	-0.954052567	-0.244959459
0.002099857	0.709093153	-0.986284077	-0.277190953
0.002103504	0.709093153	-0.954052567	-0.244959459
0.002105099	1.664740562	-1.323319316	0.341421366
